mask,accuracy_av,accuracy_std,tvalues,pvalues,fs_count_av
TemporalFusiform_post_left,0.493166666667,0.0576640172802,9.60180948656,5.53941707551e-07,1371.21916667
LOC_sup_left,0.569416666667,0.0897445061766,9.11272111408,9.2775348034e-07,4090.58833333
MFG_left,0.562416666667,0.0872500795925,9.09532631613,9.45304728986e-07,2742.19
SupramarginalGyrust_ant_left,0.586166666667,0.0972392524767,9.00706593329,1.04006143753e-06,1730.62333333
SupramarginalGyrus_post_left,0.59725,0.103683914696,8.81751189606,1.28009584945e-06,2239.10333333
SFG_right,0.526333333333,0.0760551700339,8.79061359566,1.31874636755e-06,2819.41666667
AngularGyrus_right,0.541,0.0837177798718,8.59289910115,1.64461840623e-06,2115.13
ParietalOperculum_right,0.513833333333,0.0740864734993,8.43973686421,1.95669342074e-06,972.304166667
SuperiorParietalLobule_left,0.550666666667,0.0901381655509,8.35234161271,2.16293975166e-06,2002.2925
TemporalPole_right,0.485333333333,0.0635194633339,8.28948196133,2.32573175425e-06,1658.78
AngularGyrus_left,0.584,0.105592771217,8.22343040014,2.51112395697e-06,1947.6325
STG_post_left,0.5695,0.106683722595,7.66851129246,4.87270676618e-06,1673.81916667
TemporalFusiform_ant_left,0.43325,0.0451905687063,7.65915314385,4.92893087894e-06,689.7375
MFG_right,0.524916666667,0.0869151485965,7.63577057799,5.07248752389e-06,2526.235
PlanumTemporale_left,0.558416666667,0.104172499837,7.48481163226,6.11467704836e-06,1151.075
ITG_post_left,0.502833333333,0.0788276953586,7.4487173714,6.39657034761e-06,1630.9325
ParietalOperculum_left,0.563833333333,0.107416505043,7.43345188869,6.51996810851e-06,1006.58916667
MTG_ant_left,0.47775,0.0676450601793,7.39557340812,6.83734545242e-06,723.201666667
LOC_inf_left,0.553416666667,0.103520093326,7.36466714791,7.10860665832e-06,2212.49583333
PCC_left,0.495083333333,0.0762927020683,7.34432548667,7.29343994355e-06,1600.22666667
FrontalPole_right,0.5305,0.0932063123756,7.3278874686,7.44657555653e-06,4949.98583333
Accumbens_right,0.41725,0.0400689509887,7.25489071623,8.16958004668e-06,117.3
SupramarginalGyrust_post_right,0.5445,0.10147700889,7.20855688461,8.66737725487e-06,2189.7075
STG_ant_left,0.5,0.0802402642069,7.19526879549,8.81608004691e-06,700.125
IFG_parsopercularis_left,0.543,0.10209227852,7.11421714913,9.78452434994e-06,1290.68166667
PostcentralGyrus_left,0.552083333333,0.107173891669,7.07049278989,1.03538715937e-05,3385.9425
Precuneous_left,0.522916666667,0.092998618568,7.06178157608,1.04714942941e-05,2890.995
ParacingulateGyrus_left,0.4925,0.0802085822507,6.8741958978,1.33857565262e-05,1472.94166667
LOC_sup_right,0.508333333333,0.0885666729394,6.84476183341,1.39170931433e-05,3702.175
PlanumTemporale_right,0.512583333333,0.0907840462612,6.83975037559,1.40097899976e-05,1036.55416667
PrecentralGyrus_left,0.53825,0.10535742736,6.73756159158,1.60517671967e-05,3984.2725
InsularCortex_right,0.435333333333,0.0530068129793,6.66590471834,1.76727712689e-05,957.615
Precuneous_right,0.5035,0.0884491379268,6.66456043167,1.77048082638e-05,2704.81
MTG_tempocc_left,0.550583333333,0.113048999946,6.65707857873,1.78842558102e-05,1340.81083333
SMA_left,0.505583333333,0.0906582027299,6.58177070843,1.98029128549e-05,904.343333333
IFG_parsopercularis_right,0.516666666667,0.0980767839784,6.47538867353,2.2897954603e-05,1175.6825
SFG_left,0.538833333333,0.110742067687,6.4282065233,2.44328989774e-05,2863.31083333
FrontalMedialCortex_right,0.443083333333,0.0594060299034,6.39977377513,2.54107491459e-05,618.703333333
SuperiorParietalLobule_right,0.5015,0.0920656468686,6.32751130771,2.80893266833e-05,1788.92
TemporalPole_left,0.486166666667,0.0837982033751,6.31791823123,2.84670203442e-05,1698.9825
MTG_post_left,0.523666666667,0.10464968015,6.30039199805,2.91711453576e-05,1730.07833333
FrontalPole_left,0.536833333333,0.113649925453,6.20277290873,3.34492300648e-05,4619.64
IFG_parstriangularis_left,0.52925,0.111853419706,6.06754128051,4.05176229573e-05,1184.55583333
PrecentralGyrus_right,0.513166666667,0.102751993763,6.06276255713,4.07949003415e-05,4324.8575
SupramarginalGyrus_ant_right,0.514,0.103352955126,6.05544070838,4.12236737075e-05,1453.07833333
MTG_tempocc_right,0.52025,0.107060827726,6.04794807447,4.1667431048e-05,1470.91083333
CentralOperculum_left,0.526416666667,0.111562731481,5.99537388497,4.49282087904e-05,1146.2975
ITG_ant_left,0.45975,0.0741958276006,5.90222109979,5.13929874705e-05,785.136666667
MTG_post_right,0.490916666667,0.0935079839134,5.83784032843,5.64365363749e-05,1566.35666667
FrontalOperculum_right,0.468083333333,0.0810344148426,5.76036358806,6.32148634852e-05,621.795833333
Orbitofrontal_right,0.450583333333,0.0706711378303,5.74726722738,6.44438830167e-05,1577.07166667
InsularCortex_left,0.472916666667,0.0843884454308,5.72982293937,6.61205864611e-05,922.1525
STG_post_right,0.517416666667,0.111980249995,5.69460572154,6.96487427405e-05,1345.20416667
Orbitofrontal_left,0.49575,0.0988290822582,5.69293799426,6.98207129804e-05,1633.165
IntraCalcarineCortex_left,0.451333333333,0.0720767338019,5.67123354547,7.21004760511e-05,1003.71
SupracalcarineCortex_left,0.469333333333,0.0836683266768,5.63077855587,7.65638074669e-05,836.449166667
Parahippocampal_ant_left,0.418166666667,0.0522826187391,5.62082187362,7.77067837271e-05,810.109166667
ACC_right,0.45825,0.0773284391411,5.59592346055,8.06451679357e-05,1407.70583333
ITG_tempocc_left,0.4945,0.0999579078079,5.58532809009,8.19312132283e-05,1010.78916667
ACC_left,0.466666666667,0.0831558109147,5.55439493972,8.58121373061e-05,1387.73
STG_ant_right,0.459666666667,0.0791047126002,5.5323063527,8.87027471709e-05,673.795
